<<<<<<< HEAD
Время сортировки многопоточным способом: 
1 1570.6623751
2 957.8504681000001
4 875.8698689
8 778.4986217000001
16 729.385226
32 765.4645867
64 964.5173306
128 747.114204

Время сортировки с помощью корутин: 
1 1686.5259299000002
2 1399.235652
4 1216.6520380999998
8 1290.6124644000001
16 1238.2175341
32 1233.3230163
64 1535.8041379000001
128 1213.59181
=======
1 1647.7127693
2 1221.2807961
4 1127.9230652
8 649.9209413
16 768.9555679
32 721.5681219
64 713.0949065
>>>>>>> a2282f9f91d7003f3e4b057df8f1751811a4506b
