100 30.2660304
200 8.9443387
300 9.181192
400 13.256419800000002
500 9.963517
600 11.028521900000001
700 8.3848365
800 9.5243119
900 10.3882063
1000 8.9552181
1100 7.4086848
1200 7.2591079
1300 7.7004705
1400 6.5403213
1500 7.270923799999999
1600 7.824727
1700 7.3238215
1800 7.1468896
1900 7.200019
2000 8.099842
2100 8.2826717
2200 9.1001975
2300 9.6517718
2400 9.6128146
2500 10.4683611
2600 12.3574819
2700 12.476555099999999
2800 13.1399026
2900 13.11434
3000 12.158802300000001
3100 13.7222934
3200 13.4601728
3300 12.7426481
3400 13.233241099999999
3500 13.3721485
3600 14.7571826
3700 14.7133514
3800 15.0262954
3900 16.30461
4000 17.754973800000002
4100 16.1735438
4200 16.564838
4300 18.4931221
4400 17.6066839
4500 17.5199436
4600 18.6593467
4700 19.7867179
4800 18.1556152
4900 20.2715252
5000 19.7767147
5100 19.250170899999997
5200 20.5842388
5300 23.9440661
5400 21.5833984
5500 22.6179215
5600 25.2123516
5700 22.6233761
5800 23.0505264
5900 23.6450507
6000 25.598158
6100 27.3755062
6200 23.9622194
6300 24.8079422
6400 26.4198172
6500 27.4406183
6600 26.135489600000003
6700 25.7609617
6800 26.5009074
6900 28.6116325
7000 28.367077
7100 29.079374100000003
7200 29.6816829
7300 28.1837893
7400 28.3374614
7500 31.480368
7600 31.1177433
7700 29.3571885
7800 30.0323436
7900 30.585269800000003
8000 34.1521833
8100 30.779406899999998
8200 34.1114365
8300 31.7517182
8400 34.7633377
8500 32.3612618
8600 37.094712
8700 34.9008831
8800 37.6274887
8900 37.3544468
9000 39.959335100000004
9100 39.7677307
9200 38.3387486
9300 37.5569176
9400 36.7925266
9500 42.211694200000004
9600 40.2141432
9700 39.215045200000006
9800 39.7816213
9900 38.6481225
10000 42.3155643

